    0.5249   -0.6237
   -1.6098   -0.8389
   -0.5705   -0.3212
    2.3965    1.7052
   -0.0955    0.9671
    1.5280    0.3035
   -2.9292   -2.6367
   -1.1295   -0.8665
   -0.2595   -0.6684
    1.5147    1.1043
    3.4465    2.7559
    2.5409    2.4580
   -0.3534   -0.8608
   -0.7959    0.3303
   -0.2868    1.3230
   -1.1255   -0.6639
   -0.1811   -1.0096
   -0.8229   -1.5810
   -1.3284   -0.8390
    0.3718    0.6309
   -2.4999   -2.1538
    0.5820    0.3739
    1.9453    2.2709
    0.4875   -0.7801
    0.1823   -0.0687
   -0.5726    0.1185
    0.6645   -0.4620
   -0.6318   -0.7785
   -0.2591   -0.6330
   -1.6289   -0.7991
   -1.2619   -0.6649
    1.6083    2.1162
    0.9992    0.4343
   -0.8936   -1.0310
   -1.2146   -1.1406
    1.2509    2.0491
    1.6578    2.4537
   -1.8378   -1.2621
    1.1090    0.4793
    0.5572    0.3190
   -0.3218   -0.7781
   -0.9045   -1.2555
   -2.1240   -1.9359
   -1.5309   -1.5243
   -1.5077   -1.4707
   -1.7186   -2.2112
    0.8450    0.7577
    0.6019   -0.1092
    1.0526   -0.0832
    0.4931    2.0451
   -1.9888   -1.6357
    0.3640    0.7671
    0.5591    0.5038
    0.0651   -0.9903
   -0.8070   -0.2498
   -0.7486    0.6702
    1.1080    1.3584
    0.2270    0.1831
   -0.0970    1.3370
    0.6612   -0.0466
   -0.5495   -0.5018
    0.3147    1.3414
    1.0225    1.7063
   -0.7882   -1.0038
   -1.4735   -1.5169
    1.7559    1.8466
   -0.6100   -0.7107
   -0.3966   -0.4736
   -0.7954   -0.4359
    0.1147   -0.6255
    0.2520   -0.5469
    1.1000    1.4335
   -2.3116   -2.1907
   -0.5332   -0.6514
   -0.2028    0.1118
    1.8158    6.2091
    3.1933    3.6363
    4.5815    2.9534
    1.2694    4.3471
    1.4229    5.7183
    3.2769    4.2175
    4.0512    3.8155
    3.1497    3.0019
    4.1474    3.8515
    2.7104    4.1841
    4.2852    3.5673
    0.2621    6.4530
    1.5993    5.8358
    4.9167    3.0451
    3.4951    4.5292
    0.0386    5.4868
    1.8285    5.0092
    0.1716    7.1657
    1.4459    5.1965
    4.2743    2.6178
    4.3305    3.8751
    1.0080    6.0113
    4.4114    5.0500
    3.9872    4.9519
    2.5214    5.3047
    4.9216    2.3891
    2.2298    4.8545
    2.7191    4.1489
    2.7528    5.1685
    2.1348    5.7987
    2.2169    4.3050
    4.6256    3.7234
    1.9742    5.4119
    4.3922    4.9245
    3.1899    4.8401
    2.7386    4.9472
    2.6289    4.8005
    1.5374    5.3262
    4.5155    3.6252
    0.1547    7.5667
    2.8714    4.5259
   -0.1028    7.0032
    1.4234    5.7882
    3.6197    4.2792
    3.0594    4.7749
    1.9518    5.4433
    2.9758    4.6172
    2.2205    5.8623
    2.0711    6.1921
    2.5620    3.8998
    2.7888    4.5876
    2.6967    5.8175
    5.6187    2.9091
    3.8563    3.2913
    6.6431    3.3242
    2.2508    4.4474
    3.6997    4.9514
    3.3160    5.0768
    3.7618    3.6957
    5.9361    2.7416
    1.7142    5.2137
    4.0656    4.5111
    3.1741    4.7357
    4.9131    3.4232
    1.5412    6.0880
    2.9482    4.5319
    2.8092    4.2561
    3.1468    3.9652
    2.7348    5.1250
    2.5103    5.3694
    3.2890    4.5732
    2.8602    6.6653
    3.1030    3.4128
    3.4952    4.3092
    2.3257    5.9353
    4.3176    0.4951
    3.6993    0.1094
    4.2756    0.1308
    3.4501    0.6067
    4.0430   -0.1373
    2.9977   -0.0666
    3.7535   -0.6353
    4.2310   -0.8318
    3.8395   -0.3518
    4.6183    0.1404
    3.6844   -0.2706
    2.8374   -0.6668
    3.3842    0.5363
    4.5278   -0.3560
    3.9434   -0.0056
    4.1896   -0.0004
    4.4721   -0.1247
    2.9398    0.1983
    3.6777   -0.1320
    3.6478   -0.8320
    3.4909   -0.5145
    3.9090    0.1215
    4.7605   -0.6283
    3.9808   -0.1736
    4.6137   -0.4707
    3.6519   -0.5873
    4.0038   -0.5106
    3.6086   -0.2008
    4.2935    0.0868
    3.8744   -0.0581
    4.2401    0.5321
    4.3341   -0.1227
    3.9608   -0.7588
    4.4446    0.0049
    5.1546    0.0357
    4.2623    0.1583
    3.9941    0.2499
    4.4566    0.6390
    4.0280   -0.2739
    3.4465    0.1304
    4.2427   -0.0066
    3.9975   -0.2901
    3.8619    1.0682
    4.6382   -0.1288
    4.9317   -0.7048
    3.7387    0.8851
    4.0517    0.1628
    3.5962   -0.5595
    4.3402    0.3102
    2.8177    0.6349
