1 6 1
6 1 1
2 6 1
6 2 1
6 5 1
5 6 1
43 42 1
42 43 1
42 13 1
13 42 1
13 9 1
9 13 1
41 40 1
40 41 1
40 39 1
39 40 1
39 37 1
37 39 1
35 38 1
38 35 1
38 37 1
37 38 1
37 35 1
35 37 1
35 16 1
16 35 1
8 16 1
16 8 1
16 11 1
11 16 1
30 29 1
29 30 1
29 26 1
26 29 1
33 32 1
32 33 1
32 31 1
31 32 1
31 30 1
31 27 1
27 31 1
30 31 1
30 27 1
27 30 1
25 27 1
27 25 1
27 26 1
26 27 1
26 25 1
25 26 1
25 23 1
23 25 1
22 23 1
23 22 1
23 21 1
21 23 1
22 21 1
21 22 1
21 20 1
20 21 1
20 19 1
19 20 1
19 18 1
18 19 1
18 17 1
17 18 1
17 15 1
15 17 1
15 14 1
14 15 1
14 11 1
11 14 1
8 11 1
11 8 1
11 10 1
8 10 1
10 8 1
10 11 1
10 9 1
9 10 1
9 8 1
8 9 1
8 7 1
7 8 1
7 5 1
5 7 1
5 2 1
2 5 1
0 2 1
2 0 1
2 1 1
1 2 1
1 0 1
0 1 1
