;R	G	B	Name
0.73725	0.33989	0.24452	6
0.7098	0.32931	0.23214	6
0.78431	0.35488	0.25878	6
0.67059	0.31304	0.22616	6
0.79608	0.43431	0.31843	6
0.81569	0.39534	0.26667	6
0.8549	0.41986	0.28497	6
0.79216	0.35854	0.2418	6
0.83529	0.40299	0.26997	6
0.77647	0.37019	0.26009	6
0.73725	0.35025	0.25048	6
0.73333	0.33559	0.2418	6
0.72549	0.35682	0.25568	6
0.73333	0.32451	0.23845	6
0.085386	0.090196	0.075765	7
0.087074	0.090196	0.076667	7
0.090196	0.090196	0.075955	7
0.0493	0.0493	0.062745	7
0.094221	0.10246	0.1098	7
0.099071	0.1046	0.11765	7
0.097187	0.10973	0.11765	7
0.080738	0.082901	0.098039	7
0.052381	0.052381	0.066667	7
0.073797	0.086096	0.090196	7
0.048802	0.048802	0.062745	7
0.14896	0.38039	0.33411	5
0.16159	0.38431	0.33977	5
0.11515	0.39608	0.34118	5
0.122	0.40392	0.34754	5
0.15782	0.38039	0.33828	5
0.069841	0.069841	0.086275	7
0.096877	0.11219	0.11373	7
0.13064	0.1427	0.16078	7
0.073016	0.073016	0.090196	7
0.07105	0.086275	0.08323	7
0.15315	0.17464	0.20784	7
0.07105	0.086275	0.0841	7
0.073225	0.086275	0.07105	7
0.13764	0.18886	0.42745	3
0.16194	0.20761	0.40784	3
0.14264	0.20814	0.47451	3
0.14154	0.18533	0.4	3
0.16028	0.2023	0.37255	3
0.19443	0.26103	0.46275	3
0.16953	0.22331	0.40784	3
0.12706	0.17573	0.42353	3
0.15594	0.20077	0.40784	3
0.18566	0.26271	0.47843	3
0.24706	0.34771	0.57647	3
0.18421	0.24265	0.46667	3
0.14187	0.20285	0.48235	3
0.16246	0.23209	0.4549	3
0.85116	0.93333	0.56812	2
0.93916	1	0.57919	2
0.94363	1	0.57874	2
0.93055	1	0.6	2
0.86565	1	0.53725	2
0.91151	1	0.54118	2
0.9269	1	0.56471	2
0.90484	1	0.54902	2
0.86576	0.99608	0.55859	2
0.89922	1	0.55686	2
0.86851	0.98039	0.60746	2
0.96521	0.99608	0.67968	2
0.91564	1	0.61569	2
1	1	0.85799	2
0.58824	0.40862	0.36199	1
0.57647	0.3821	0.33666	1
0.55686	0.4103	0.35437	1
0.53725	0.3258	0.27495	1
0.54902	0.36781	0.31892	1
0.74118	0.50202	0.44971	1
0.69412	0.52383	0.472	1
0.59608	0.38211	0.33274	1
0.53725	0.44952	0.34228	1
0.64314	0.47288	0.40283	1
0.57255	0.41725	0.35069	1
0.65882	0.44802	0.37059	1
0.66275	0.3688	0.30621	1
0.95544	1	0.60784	2
0.93832	0.99608	0.6289	2
0.17233	0.45034	0.95686	3
0.17642	0.44815	0.93725	3
0.87843	0.70887	0.61788	6
0.83529	0.67271	0.57437	6
0.83529	0.70427	0.606	6
0.91176	0.74907	0.63944	6
0.8902	0.69355	0.5795	6
0.83529	0.68371	0.59454	6
0.87059	0.70358	0.61644	6
0.90196	0.68227	0.59286	6
0.8902	0.71725	0.63078	6
0.86667	0.70356	0.61373	6
0.87843	0.74219	0.63764	6
0.83529	0.6903	0.58397	6
0.90196	0.76743	0.6413	6
0.85098	0.70725	0.62685	6
1	0.50994	0.43529	4
1	0.49548	0.41961	4
0.76385	0.83725	0.83725	8
0.97647	0.8473	0.25656	2
0.98824	0.86681	0.25965	2
0.11766	0.27377	0.86471	3
0.11066	0.26413	0.85882	3
0.84314	0.3101	0.27313	4
0.85098	0.3051	0.26745	4
0.87059	0.31111	0.27313	4
0.99216	0.73013	0.21378	2
0.99608	0.73279	0.21767	2
0.98824	0.72734	0.20927	2
0.99842	1	0.98431	8
0.99765	1	0.98824	8
0.96863	0.96863	0.40882	2
0.99608	0.99608	0.39843	2
0.81176	0.27171	0.16612	1
0.78824	0.24293	0.1422	1
0.11248	0.26032	0.83137	3
0.095343	0.25847	0.86667	3
1	1	0.36471	2
0.99608	0.99608	0.48455	2
0.63922	0.19373	0.12385	1
0.65882	0.20009	0.13176	1
0.65882	0.19739	0.1264	1
0.64706	0.19897	0.13087	1
0.89804	0.37088	0.1303	4
0.94118	0.37863	0.12327	4
0.89804	0.37037	0.13212	4
0.86667	0.63005	0.34741	4
0.89804	0.73867	0.41995	4
0.94118	0.73983	0.39123	4
0.21465	0.3291	0.5098	3
0.25516	0.33179	0.45098	3
0.30119	0.38064	0.46078	3
0.26606	0.34876	0.49412	3
0.20952	0.30156	0.47843	3
0.18549	0.24744	0.38824	3
0.25013	0.30673	0.40392	3
0.21465	0.29054	0.47059	3
0.16461	0.23453	0.37255	3
0.18914	0.25345	0.37647	3
0.20512	0.26578	0.37843	3
0.23144	0.31462	0.47059	3
0.19289	0.24838	0.36863	3
0.24199	0.30144	0.40784	3
0.21915	0.28181	0.39216	3
0.98039	0.98039	0.34987	2
0.96471	0.9608	0.32535	2
0.98039	0.94997	0.30345	2
0.95294	0.9121	0.33015	2
0.87059	0.87059	0.39603	2
0.98039	0.95772	0.3268	2
0.97255	0.95797	0.31656	2
0.98039	0.95742	0.32808	2
0.92549	0.91204	0.33027	2
0.81569	0.80911	0.28789	2
0.73725	0.73725	0.27288	2
0.93725	0.93725	0.34182	2
0.89804	0.88948	0.32048	2
0.97255	0.97255	0.35088	2
0.97647	0.93232	0.31792	2
0.92157	0.61887	0.48871	6
0.98431	0.61668	0.47479	6
0.95686	0.61398	0.47749	6
0.98039	0.60358	0.4609	6
0.98824	0.61674	0.47246	6
0.97255	0.60993	0.46911	6
0.86667	0.74478	0.6271	6
0.88235	0.71421	0.56055	6
0.96863	0.81391	0.66452	6
0.87059	0.60917	0.47556	6
0.96863	0.75634	0.59257	6
0.9451	0.7205	0.57077	6
0.96078	0.73111	0.57799	6
0.9451	0.72516	0.56388	6
0.96863	0.74841	0.58498	6
0.18824	0.59412	1	3
0.17932	0.60027	1	3
0.18605	0.60183	1	3
0.18431	0.59392	1	3
0.23137	0.62963	1	3
0.22745	0.61751	1	3
0.23529	0.6214	1	3
0.23137	0.60578	1	3
0.23137	0.64495	1	3
0.23137	0.62408	1	3
0.28906	0.78576	0.99608	3
0.2686	0.75966	0.96471	3
0.2549	0.76836	1	3
0.28627	0.79879	1	3
0.22745	0.61573	1	3
0.8	0.66406	0.49587	4
0.67843	0.54154	0.35833	4
0.7451	0.56877	0.36037	4
0.86275	0.60286	0.374	4
0.86667	0.68019	0.47391	4
0.8902	0.76487	0.465	4
0.90196	0.78342	0.53151	4
0.88235	0.70629	0.428	4
0.8902	0.72203	0.42483	4
0.91373	0.78226	0.46878	4
0.8902	0.78264	0.48599	4
0.86667	0.72864	0.45502	4
0.86667	0.76682	0.50887	4
0.89804	0.80984	0.55171	4
0.98431	0.90378	0.78745	6
0.99216	0.9451	0.80392	6
0.99216	0.92816	0.79182	6
0.99216	0.97124	0.80044	6
0.99216	0.96688	0.78431	6
0.99216	0.91681	0.77341	6
0.9451	0.845	0.72671	6
0.98824	0.84076	0.6782	6
1	0.98643	0.82353	8
0.99927	1	0.98824	8
0.96471	1	1	8
0.8828	0.99608	0.9438	8
0.99834	1	0.99608	8
1	1	1	8
0.99732	1	0.92946	8
0.96141	0.99216	0.86916	8
0.98084	1	0.93293	8
1	1	0.90123	8
1	1	0.85782	8
1	1	0.95294	8
0.99413	0.99608	0.87108	8
0.99177	0.99608	0.90277	8
0.99039	0.99608	0.90364	8
0.54802	0.61569	0.41668	5
0.54695	0.65882	0.30978	5
0.69655	0.78431	0.56489	5
0.67712	0.73725	0.58691	5
0.62625	0.68627	0.53851	5
0.65095	0.71765	0.57412	5
0.67576	0.7451	0.60643	5
0.6694	0.75294	0.5638	5
0.57114	0.63137	0.49585	5
0.54914	0.63137	0.38468	5
0.51908	0.60392	0.33773	5
0.56837	0.66667	0.40126	5
0.18634	0.22868	0.41569	3
0.18337	0.24949	0.44314	3
0.13956	0.22811	0.47451	3
0.18385	0.22641	0.42353	3
0.20533	0.24226	0.43137	3
0.23462	0.4027	0.68039	3
0.27082	0.40295	0.61765	3
0.34335	0.48874	0.6549	3
0.46677	0.60357	0.72549	3
0.57002	0.70348	0.75686	3
0.35787	0.49404	0.68627	3
0.21765	0.31897	0.51765	3
0.19843	0.30135	0.49412	3
0.32308	0.46134	0.6549	3
0.44706	0.26538	0.23989	1
0.40392	0.18764	0.15098	1
0.33725	0.17487	0.15118	1
0.33333	0.1875	0.16667	1
0.33725	0.1604	0.13564	1
0.4	0.224	0.2	1
0.3451	0.17274	0.13973	1
0.33333	0.17455	0.1443	1
0.27843	0.16896	0.14992	1
0.34902	0.17259	0.14122	1
0.2308	0.34118	0.23605	5
0.2323	0.37255	0.25233	5
0.2042	0.31765	0.23256	5
0.28629	0.4902	0.40863	5
0.20882	0.35294	0.29118	5
0.17935	0.32941	0.24756	5
0.19184	0.35294	0.25225	5
0.23263	0.42745	0.30666	5
0.18525	0.33725	0.25281	5
0.19951	0.3451	0.26939	5
0.26565	0.38431	0.25082	5
0.20952	0.3451	0.24923	5
0.23458	0.36863	0.23458	5
0.89804	0.89804	0.52826	2
0.89412	0.89009	0.51955	2
0.86275	0.86275	0.5075	2
0.89412	0.88305	0.52245	2
0.93333	0.92046	0.47312	2
0.86667	0.83433	0.44035	2
0.95686	0.93864	0.5164	2
0.8549	0.8549	0.4972	2
0.90588	0.86057	0.44226	2
0.76078	0.72147	0.40204	2
0.90196	0.88408	0.50273	2
0.78824	0.77898	0.4523	2
0.7098	0.68498	0.38356	2
0.91765	0.90559	0.54387	2
0.9098	0.88331	0.49082	2
1	1	0.68627	2
1	1	0.66274	2
1	1	0.6549	2
1	1	0.64314	2
1	1	0.6549	2
0.97255	0.96986	0.68651	2
0.92941	0.92941	0.59774	2
0.94118	0.89269	0.48245	2
0.88235	0.87771	0.51313	2
0.84314	0.83096	0.5038	2
0.94118	0.89802	0.49781	2
0.99216	0.97614	0.55164	2
1	1	0.68131	2
1	1	0.68627	2
1	1	0.68235	2
0.066744	0.23008	0.74902	3
0.069982	0.2332	0.7451	3
0.067019	0.22917	0.7451	3
0.067365	0.23117	0.75686	3
0.074898	0.24078	0.75686	3
0.070803	0.23401	0.74902	3
0.063757	0.22196	0.74118	3
0.06776	0.22656	0.72941	3
0.065972	0.223	0.72157	3
0.064835	0.18963	0.59216	3
0.060102	0.17673	0.55294	3
0.05788	0.21475	0.72157	3
0.058509	0.21681	0.72941	3
0.061086	0.22197	0.74118	3
0.057571	0.18286	0.59216	3
0.25062	0.42382	0.7098	3
0.27782	0.46342	0.78824	3
0.27665	0.46129	0.78039	3
0.26161	0.46049	0.81176	3
0.27773	0.46306	0.78431	3
0.29401	0.54065	0.94902	3
0.3027	0.54874	0.95294	3
0.30234	0.549	0.95294	3
0.31262	0.61084	0.90588	3
0.35686	0.65357	1	3
0.34902	0.69226	1	3
0.29509	0.5666	0.96471	3
0.23835	0.46411	0.83922	3
0.32031	0.60311	0.99608	3
0.36471	0.67878	1	3
0.95294	1	1	8
0.9066	0.98824	0.98824	8
1	0.99645	0.99608	8
1	0.99765	0.98823	8
0.94902	1	1	8
0.90489	0.98824	0.98824	8
0.77109	0.89877	0.90196	8
0.74883	0.86917	0.87843	8
0.93548	1	1	8
0.93464	1	1	8
0.96135	1	1	8
0.9312	1	1	8
0.79461	0.92185	0.92549	8
0.74118	0.61632	0.18893	2
0.75882	0.63215	0.18881	2
0.77255	0.64198	0.19182	2
0.87843	0.72112	0.21028	2
0.87843	0.76305	0.24381	2
0.87843	0.77416	0.26771	2
0.78039	0.66541	0.19111	2
0.79608	0.66945	0.18624	2
0.93725	0.83121	0.24795	2
0.93333	0.81676	0.22327	2
0.80392	0.69331	0.20889	2
1	0.92381	0.2	2
0.98824	0.83997	0.1899	2
1	0.89123	0.17647	2
1	0.88347	0.18431	2
0.54748	0.97647	0.59559	5
0.57882	0.96471	0.64377	5
0.59529	0.99216	0.64587	5
0.55825	0.94902	0.59143	5
0.51099	0.93333	0.54938	5
0.51844	0.94118	0.57299	5
0.77647	0.6691	0.35331	4
0.73333	0.64679	0.3373	4
0.23725	0.47451	0.23725	4
0.58431	0.5575	0.27675	4
0.5451	0.4447	0.21163	4
0.40303	0.43922	0.20401	4
0.59608	0.51547	0.2881	4
0.75686	0.66283	0.35982	4
0.8	0.68422	0.39333	4
0.63137	0.54983	0.31316	4
0.58824	0.52775	0.26531	4
0.74118	0.69701	0.41275	4
0.44633	0.60392	0.32026	4
0.25547	0.45098	0.34434	5
0.25344	0.41961	0.32502	5
0.26688	0.45882	0.3477	5
0.2581	0.43922	0.33463	5
0.2314	0.43137	0.32704	5
0.22601	0.39608	0.31586	5
0.14481	0.31765	0.24357	5
0.19333	0.33333	0.26852	5
0.19902	0.34118	0.27853	5
0.18343	0.31765	0.26013	5
0.24	0.4	0.31795	5
0.21793	0.38039	0.29014	5
0.21807	0.36471	0.2976	5
0.16941	0.30588	0.24523	5
0.23161	0.39608	0.30263	5
0.27296	0.45098	0.34513	5
0.22487	0.37647	0.30067	5
0.18525	0.36471	0.28025	5
0.23589	0.38431	0.30536	5
0.27663	0.44314	0.34553	5
0.27356	0.43333	0.33204	5
0.30332	0.48627	0.36751	5
0.26343	0.42745	0.33436	5
0.26794	0.41961	0.32225	5
0.24906	0.38824	0.31232	5
0.14411	0.29804	0.22699	5
0.20974	0.33725	0.26297	5
0.2554	0.39216	0.30424	5
0.29391	0.4549	0.35473	5
0.17059	0.3098	0.24273	5
0.066937	0.078651	0.12941	3
0.086275	0.10784	0.17255	3
0.099346	0.10999	0.14902	3
0.1	0.10556	0.13333	3
0.099346	0.10928	0.14902	3
0.099346	0.10999	0.14902	3
0.10007	0.11007	0.1451	3
0.091667	0.097474	0.12941	3
0.11001	0.12129	0.16078	3
0.099346	0.10928	0.14902	3
0.9451	0.56678	0.15044	4
0.99216	0.56562	0.14785	4
0.69412	0.41956	0.11705	4
0.98431	0.54272	0.1351	4
0.6549	0.40114	0.12841	4
0.91765	0.91765	0.56387	2
0.89804	0.86286	0.3528	2
0.98824	0.93228	0.24218	2
0.98824	0.98824	0.32554	2
0.9451	0.91432	0.2372	2
0.93333	0.89068	0.20823	2
0.92157	0.81843	0.16756	2
0.99608	0.97011	0.24298	2
0.9098	0.81205	0.20694	2
0.73333	0.69572	0.3389	2
0.72941	0.69655	0.34444	2
0.93725	0.93725	0.29772	2
0.096708	0.43922	0.28766	5
0.11111	0.43137	0.28221	5
0.1019	0.43922	0.28513	5
0.092787	0.41569	0.26808	5
0.087329	0.42745	0.28872	5
0.22816	0.62745	0.46405	5
0.10893	0.4902	0.30544	5
0.11114	0.50588	0.3161	5
0.090498	0.47059	0.29721	5
0.1365	0.52941	0.35185	5
0.12091	0.5098	0.32764	5
0.090856	0.45882	0.29324	5
0.1102	0.4902	0.31286	5
0.15994	0.33057	0.81569	3
0.22514	0.42972	0.94118	3
0.17176	0.34402	0.78039	3
0.15114	0.29596	0.70196	3
0.17967	0.34301	0.78431	3
0.1668	0.31841	0.73333	3
0.14069	0.27051	0.64314	3
0.14313	0.29406	0.77647	3
0.17286	0.33673	0.83137	3
0.30361	0.41019	0.58431	3
0.24842	0.32879	0.46275	3
0.16332	0.35552	0.92549	3
0.16604	0.31921	0.72941	3
0.98241	0.99608	0.96874	8
0.99216	0.97718	0.96471	8
0.96667	0.93975	0.91448	8
0.24466	0.37255	0.28729	5
0.24314	0.36471	0.28113	5
0.282	0.44314	0.34087	5
0.39991	0.56863	0.48989	5
0.42144	0.59216	0.51628	5
0.28549	0.4549	0.38303	5
0.35635	0.52549	0.45783	5
0.36275	0.58039	0.49523	5
0.25022	0.42745	0.31466	5
0.31217	0.51765	0.42281	5
0.37107	0.58039	0.5019	5
0.29103	0.47451	0.35708	5
0.37257	0.51373	0.44315	5
0.16863	0.65744	1	3
0.12687	0.58588	0.98039	3
0.063778	0.46799	0.96863	3
0.12014	0.55419	0.98824	3
0.15454	0.54034	0.89412	3
0.05815	0.34962	0.85882	3
0.081353	0.39972	0.95686	3
0.062745	0.50039	1	3
0.085936	0.50716	0.99608	3
0.36969	0.41095	0.42745	3
0.075583	0.47746	0.93725	3
0.10422	0.53687	0.98431	3
0.066667	0.50656	1	3
1	0.65204	0.26667	4
1	0.66143	0.28744	4
1	0.64536	0.27165	4
1	0.60786	0.21961	4
1	0.60586	0.21569	4
0.93333	0.60876	0.28775	4
0.70196	0.47196	0.23817	4
0.9451	0.62884	0.30616	4
0.92941	0.56333	0.23052	4
0.81569	0.50931	0.22312	4
0.5256	0.93725	0.54342	5
0.55453	0.94902	0.60932	5
0.5048	0.95294	0.55295	5
0.49412	0.93333	0.54641	5
0.59918	0.99216	0.65158	5
0.14906	0.72956	0.95686	3
0.1377	0.76398	0.94902	3
0.1186	0.67825	0.88235	3
0.94902	0.94902	0.33495	2
0.99608	0.99608	0.33984	2
0.96471	0.96471	0.35183	2
0.94902	0.94902	0.34239	2
0.98824	0.98824	0.35266	2
0.99608	0.99608	0.34374	2
0.97647	0.97647	0.35952	2
0.31344	0.41176	0.22647	5
0.28684	0.36078	0.22768	5
0.29367	0.4549	0.38669	5
0.26027	0.38039	0.28429	5
0.31421	0.46275	0.38353	5
0.30936	0.43922	0.38356	5
0.21853	0.36863	0.24771	5
0.333	0.40392	0.27389	5
0.24037	0.36471	0.31236	5
0.30517	0.42745	0.36075	5
0.31611	0.43529	0.32326	5
0.23409	0.38039	0.27589	5
0.88627	0.25294	0.11482	1
0.89412	0.24685	0.10791	1
0.90588	0.245	0.10422	1
0.87451	0.23725	0.099944	1
0.87451	0.23429	0.1009	1
0.96078	0.31081	0.17849	1
0.97647	0.34303	0.21061	1
0.99608	0.40835	0.29296	1
0.85686	0.2332	0.099034	1
0.92941	0.30781	0.18201	1
0.84706	0.22453	0.094555	1
1	0.9961	0.22745	2
1	0.98133	0.21961	2
1	1	0.22745	2
1	0.9961	0.22745	2
1	0.99612	0.22745	2
1	1	0.37647	2
1	1	0.42353	2
1	0.98506	0.21569	2
1	0.97624	0.20392	2
1	0.98447	0.21176	2
1	0.99594	0.22353	2
1	0.98852	0.21961	2
1	0.96847	0.21176	2
0.94118	0.71276	0.33587	4
0.98824	0.76263	0.35654	4
0.99216	0.75778	0.36185	4
0.97647	0.73338	0.3492	4
1	0.73251	0.32941	4
0.99608	0.75674	0.34333	4
0.14103	0.53725	0.22734	5
0.13751	0.52941	0.2246	5
0.14088	0.53333	0.22498	5
0.13365	0.51373	0.21906	5
0.14696	0.56078	0.24041	5
0.14855	0.56078	0.24283	5
0.14787	0.56078	0.24204	5
0.20092	0.65098	0.35214	5
0.13764	0.52157	0.2221	5
0.13725	0.52549	0.22395	5
0.14129	0.54902	0.23146	5
0.008031	0.15273	0.67059	3
0.00812	0.15721	0.6902	3
0.0081551	0.16207	0.71765	3
0.008763	0.15952	0.7098	3
0.0089422	0.15595	0.70196	3
0.0082939	0.15972	0.72157	3
0.014454	0.16006	0.6902	3
0.01459	0.15739	0.67843	3
0.010458	0.1591	0.70588	3
0.52157	0.36937	0.25982	4
0.52549	0.36952	0.25399	4
0.52157	0.28143	0.16916	4
0.50588	0.30987	0.20097	4
0.61961	0.33897	0.21223	4
0.54902	0.3139	0.20168	4
0.62745	0.3419	0.19287	4
0.65882	0.41429	0.2685	4
0.61176	0.32739	0.18994	4
0.56078	0.37004	0.26008	4
0.58824	0.55295	0.4089	4
1	1	0.40746	2
1	1	0.36078	2
1	0.99603	0.2902	2
1	0.99616	0.26275	2
1	0.99617	0.26275	2
1	1	0.33194	2
0.98824	0.90168	0.20927	2
0.77647	0.67563	0.17143	2
0.98039	0.89204	0.21097	2
0.9451	0.86425	0.21126	2
1	1	0.45985	2
1	1	0.36863	2
1	1	0.27059	2
1	1	0.41176	2
0.22031	0.6902	0.37542	5
0.22805	0.65882	0.36388	5
0.27678	0.65882	0.39564	5
0.24976	0.61569	0.36132	5
0.26932	0.64706	0.38489	5
0.28405	0.64314	0.38665	5
0.19817	0.6	0.33211	5
0.21419	0.61961	0.3474	5
0.26342	0.67451	0.39122	5
0.29804	0.68627	0.42533	5
0.2438	0.6549	0.37994	5
0.30358	0.74118	0.44944	5
0.31086	0.76078	0.46722	5
0.29576	0.83922	0.48039	5
0.28081	0.65882	0.40424	5
0.96863	0.96863	0.51397	2
0.94902	0.94902	0.60367	2
0.9098	0.9098	0.45312	2
0.43137	0.27021	0.23757	1
0.41176	0.29922	0.25668	1
0.41569	0.28747	0.25373	1
0.41569	0.2837	0.25071	1
0.50588	0.19088	0.14806	1
0.5451	0.19262	0.14358	1
0.55686	0.19882	0.1545	1
0.5451	0.19195	0.14842	1
0.5098	0.16249	0.11653	1
0.5098	0.22547	0.18039	1
0.58431	0.39284	0.35238	1
0.47059	0.1495	0.10776	1
0.50196	0.14273	0.098673	1
0.48627	0.15982	0.11671	1
0.53725	0.27954	0.2348	1
0.3671	0.66453	0.85882	3
0.37518	0.68414	0.89412	3
0.32141	0.59516	0.86275	3
0.3892	0.69813	0.89412	3
0.35869	0.64166	0.93333	3
0.35165	0.6422	0.80784	3
0.43927	0.61176	0.34225	5
0.45432	0.63922	0.357	5
0.64046	0.84314	0.5049	5
0.57645	0.7451	0.45379	5
0.74118	0.28791	0.18167	1
0.78039	0.38882	0.21652	1
0.72549	0.33714	0.206	1
0.74118	0.30079	0.19449	1
0.66667	0.29486	0.1825	1
0.70196	0.34708	0.22879	1
0.6902	0.22655	0.14008	1
0.33563	0.48061	0.66667	3
0.28235	0.38803	0.53333	3
0.3579	0.50137	0.67451	3
0.33936	0.47741	0.6549	3
0.32853	0.48592	0.6902	3
0.27903	0.39996	0.56863	3
0.31841	0.43006	0.57647	3
0.24714	0.32646	0.43137	3
0.21831	0.28942	0.39608	3
0.24272	0.31966	0.42353	3
0.25546	0.33862	0.44706	3
0.31373	0.36527	0.43922	3
0.4	0.49706	0.6	3
0.37844	0.45376	0.52549	3
0.49037	0.62527	0.66275	3
0.7839	0.80392	0.34064	2
0.76413	0.79216	0.29539	2
0.67059	0.6491	0.2442	2
0.57255	0.56193	0.22201	2
0.65098	0.63866	0.23772	2
0.67451	0.65359	0.28211	2
0.67843	0.64936	0.23871	2
0.51373	0.48943	0.20488	2
0.76078	0.76078	0.31345	2
0.81961	0.81961	0.28951	2
0.76863	0.75225	0.27554	2
0.81569	0.81569	0.27829	2
1	1	0.50196	2
0.91373	0.91058	0.53043	2
0.85882	0.81341	0.42741	2
0.91373	0.88666	0.49823	2
0.77647	0.75659	0.43848	2
0.90588	0.87165	0.47958	2
0.91765	0.88243	0.48624	2
0.91373	0.88317	0.49509	2
0.99559	1	0.98823	8
1	1	1	8
0.9312	0.98039	0.91714	8
0.76863	0.76863	0.24928	2
0.9182	0.92941	0.40457	2
1	0.68189	0.22745	4
1	0.66534	0.21912	4
1	0.6761	0.23922	4
1	0.67513	0.24706	4
1	0.71363	0.27843	4
1	0.67339	0.23922	4
0.74118	0.57869	0.1577	2
0.76471	0.59095	0.15294	2
0.72353	0.56923	0.16418	2
0.70588	0.55567	0.15512	2
0.75686	0.59342	0.16078	2
0.70196	0.55195	0.15866	2
0.71765	0.56613	0.1621	2
0.091776	0.17864	0.43922	3
0.072031	0.13704	0.36863	3
0.15502	0.27117	0.57647	3
0.16543	0.28771	0.59608	3
0.062745	0.10838	0.31373	3
0.067974	0.11018	0.30588	3
0.066985	0.11113	0.3098	3
0.076305	0.14175	0.37255	3
0.08	0.12667	0.33333	3
0.1105	0.15081	0.32549	3
0.084465	0.1254	0.31373	3
0.079752	0.12793	0.32941	3
0.084314	0.13267	0.33725	3
0.093941	0.13334	0.32157	3
0.88431	0.96471	0.96471	8
0.87889	0.99608	0.99608	8
0.88377	0.98824	0.98824	8
0.82353	0.98836	1	8
0.88671	0.99608	0.99608	8
0.81318	0.97772	0.99216	8
0.88235	1	1	8
0.88671	0.99608	0.99608	8
0.90754	0.99608	0.99608	8
0.78039	0.97166	1	8
0.92544	0.92941	0.49204	2
0.96863	0.96863	0.60397	2
0.95686	0.95686	0.57787	2
0.95686	0.95686	0.56286	2
1	0.66527	0.25882	4
0.96471	0.65791	0.28218	4
0.98431	0.73093	0.33968	4
0.98039	0.67702	0.33833	4
0.98431	0.67327	0.32029	4
0.1395	0.6948	0.97647	3
0.1217	0.68743	0.94118	3
0.12837	0.68176	0.96471	3
0.135	0.70359	0.93725	3
0.13618	0.80152	0.99216	3
0.11663	0.75039	0.92941	3
0.85882	0.28879	0.20346	1
0.94902	0.32041	0.22539	1
0.98431	0.33761	0.24318	1
0.98039	0.35096	0.24606	1
0.97647	0.33454	0.23775	1
0.92549	0.31992	0.22502	1
0.95294	0.32348	0.22489	1
0.39216	0.88983	1	3
0.31594	0.63134	0.75294	3
0.29704	0.56707	0.67059	3
0.33151	0.65554	0.78431	3
0.3556	0.70844	0.84706	3
0.30394	0.5583	0.65882	3
0.41053	0.7579	0.88627	3
0.39216	0.74997	0.88627	3
0.4005	0.77627	0.91765	3
0.3844	0.75338	0.8902	3
0.36065	0.72011	0.86471	3
0.36366	0.72508	0.86667	3
0.082353	0.082353	0.07	7
0.082353	0.082353	0.07	7
0.082353	0.082353	0.07	7
0.082353	0.082353	0.070588	7
0.061331	0.070588	0.056702	7
0.038344	0.047059	0.036601	7
0.063398	0.07451	0.059694	7
0.054777	0.062745	0.053782	7
0.06902	0.076983	0.086275	7
0.08801	0.094118	0.07946	7
0.077311	0.090196	0.077311	7
0.099071	0.11765	0.10836	7
0.094118	0.11176	0.10588	7
0.094553	0.1098	0.1001	7
0.093947	0.11373	0.10186	7
1	1	0.35686	2
1	1	0.5469	2
1	1	0.43922	2
1	1	0.43922	2
1	1	0.39216	2
1	1	0.39216	2
1	1	0.38824	2
1	0.93866	0.24093	2
1	1	0.40784	2
0.7098	0.25019	0.15148	1
0.86275	0.26289	0.12626	1
0.13783	0.36078	0.18928	5
0.14577	0.49804	0.23668	5
0.16993	0.5098	0.26369	5
0.086549	0.17079	0.42353	3
0.072142	0.18503	0.53725	3
0.07397	0.18603	0.53725	3
0.024211	0.14915	0.55686	3
0.036875	0.17767	0.62353	3
0.06827	0.21269	0.67843	3
0.98431	0.43345	0.40531	6
0.88235	0.39064	0.3673	6
0.92157	0.3954	0.37092	6
0.96863	0.42031	0.39402	6
0.77647	0.36807	0.33108	6
0.84314	0.4067	0.36641	6
0.69804	0.32738	0.29916	6
0.86275	0.39651	0.35881	6
0.86667	0.39992	0.36174	6
0.98824	0.92062	0.3346	2
0.96667	0.88612	0.31464	2
0.97255	0.84442	0.3059	2
0.98431	0.96869	0.34354	2
0.98431	0.97266	0.35512	2
0.9451	0.88504	0.31874	2
0.95686	0.86925	0.3077	2
0.98039	0.89414	0.31142	2
0.98431	0.97929	0.38601	2
0.29412	0.53333	0.34042	5
0.28976	0.52157	0.33293	5
0.2819	0.50588	0.32438	5
0.28062	0.50196	0.32087	5
0.28091	0.50196	0.32144	5
0.27798	0.49804	0.31989	5
0.23337	0.43137	0.25713	5
0.22682	0.41961	0.25153	5
0.34602	0.56078	0.38691	5
0.32787	0.55686	0.36501	5
0.27027	0.45882	0.29155	5
0.28976	0.52157	0.33298	5
0.28758	0.51765	0.33006	5
0.6549	0.9177	0.99608	3
0.075721	0.23404	0.93137	3
0.079749	0.24518	0.96078	3
0.1335	0.28128	0.78431	3
0.099654	0.25868	0.84706	3
0.1221	0.25878	0.78039	3
0.11203	0.28221	0.8549	3
0.078746	0.24829	0.98039	3
0.0812	0.2429	0.94118	3
0.077469	0.23124	0.91373	3
0.61569	0.16802	0.11445	1
0.61569	0.16843	0.11445	1
0.61176	0.16782	0.11586	1
0.58431	0.16106	0.11222	1
0.59608	0.16402	0.11152	1
0.58824	0.15974	0.11029	1
0.66275	0.22228	0.16659	1
0.63529	0.21544	0.16152	1
0.58431	0.18687	0.13719	1
0.56863	0.17006	0.11779	1
0.1631	0.23142	0.47843	3
0.18305	0.25408	0.44706	3
0.21837	0.30301	0.47059	3
0.15441	0.22264	0.45882	3
0.19121	0.26289	0.4902	3
0.11855	0.19953	0.51373	3
0.076093	0.17609	0.55686	3
0.054801	0.13827	0.47843	3
0.91765	0.83959	0.58657	2
0.86667	0.71843	0.45103	2
0.92157	0.76783	0.47998	2
0.80784	0.74608	0.53432	2
0.84706	0.75205	0.52595	2
0.87843	0.7615	0.49448	2
0.92941	0.82688	0.51927	2
0.61569	0.21822	0.14739	1
0.57451	0.20589	0.1373	1
0.1839	0.44706	0.29308	5
0.17352	0.43922	0.28146	5
0.15423	0.42157	0.26829	5
0.17355	0.44706	0.28751	5
0.16539	0.43529	0.27981	5
0.65882	0.36861	0.13176	4
0.68627	0.37277	0.12433	4
0.6902	0.37282	0.12245	4
0.081362	0.16748	0.46275	3
0.094902	0.1825	0.47451	3
0.085755	0.16866	0.45882	3
0.64862	0.67451	0.23806	2
0.096015	0.10937	0.12941	7
0.092956	0.1069	0.12549	7
0.094118	0.10327	0.12157	7
0.11042	0.12133	0.14314	7
0.70987	0.92941	0.92941	8
0.72549	0.34646	0.29592	1
0.63922	0.32665	0.2805	1
0.69412	0.34643	0.30297	1
0.68627	0.34346	0.29752	1
0.14087	0.41176	0.3937	5
0.25121	0.4519	0.47451	5
0.82353	0.56131	0.23886	4
0.85098	0.57107	0.23925	4
0.86667	0.55708	0.22273	4
0.93725	0.93356	0.33803	2
0.92941	0.92941	0.34625	2
0.97255	0.97255	0.37684	2
1	1	0.37788	2
0.97647	0.97647	0.36742	2
0.94902	0.94902	0.34239	2
0.95294	0.95294	0.35387	2
0.94902	0.94902	0.34983	2
0.88627	0.88627	0.35451	2
0.8902	0.87678	0.32129	2
0.88235	0.88235	0.30307	2
1	1	0.34902	2
0.87059	0.87059	0.33436	2
0.21882	0.29906	0.48627	3
0.21198	0.28865	0.48235	3
0.21168	0.28902	0.48235	3
0.19151	0.26565	0.45098	3
0.2094	0.28412	0.4549	3
0.23401	0.32551	0.48235	3
0.23437	0.29831	0.4451	3
0.20218	0.27534	0.4549	3
0.18616	0.25482	0.41961	3
0.21538	0.26472	0.4	3
0.21025	0.27487	0.43137	3
0.18275	0.24302	0.39216	3
0.20092	0.2458	0.34118	3
0.20678	0.38824	0.31911	5
0.22892	0.4	0.32729	5
0.21817	0.39216	0.31966	5
0.18235	0.36471	0.30158	5
0.21237	0.4	0.31709	5
0.24323	0.44314	0.35984	5
0.26149	0.46667	0.373	5
0.16523	0.3451	0.29036	5
0.2217	0.41569	0.33919	5
0.23159	0.43137	0.3521	5
0.22528	0.38039	0.30838	5
0.22696	0.38039	0.30837	5
0.21961	0.37647	0.30492	5
0.20977	0.37255	0.30221	5
0.20367	0.36863	0.30023	5
0.23137	0.53723	1	3
0.20784	0.51857	1	3
0.18738	0.47121	1	3
0.18431	0.45248	1	3
0.20513	0.4988	1	3
0.21961	0.52164	1	3
0.24314	0.54886	1	3
0.19255	0.4823	1	3
0.19216	0.47528	1	3
0.19391	0.40281	0.89412	3
0.18546	0.39764	0.89804	3
0.19759	0.40903	0.9098	3
0.19894	0.40856	0.90588	3
0.19433	0.40883	0.91765	3
0.088499	0.1043	0.14118	7
0.088739	0.10125	0.12941	7
0.095523	0.10797	0.14118	7
0.082218	0.094019	0.12549	7
0.08461	0.09362	0.11765	7
0.10844	0.12479	0.16078	7
0.082888	0.092558	0.12157	7
0.10045	0.11419	0.1451	7
0.096416	0.1036	0.12157	7
0.094118	0.1086	0.14118	7
0.080882	0.090074	0.11765	7
0.078431	0.090756	0.12157	7
0.094314	0.10994	0.1451	7
0.081136	0.090264	0.11765	7
0.72977	0.91489	0.98824	8
0.68235	0.85415	0.9098	8
0.74519	0.92864	0.95686	8
0.75048	0.92138	0.95686	8
0.72846	0.90881	0.97255	8
0.93085	1	1	8
0.85098	1	1	8
0.98824	1	1	8
0.92701	1	1	8
0.88235	1	1	8
0.93725	1	0.98207	8
0.81045	0.95294	0.95294	8
0.80054	0.93333	0.93333	8
0.8689	0.98039	0.98039	8
0.86677	0.98824	0.98824	8
0.86851	0.98431	0.98431	8
0.86851	0.98431	0.98431	8
0.86623	0.98824	0.98824	8
0.86422	0.98824	0.98824	8
0.88747	0.98824	0.98824	8
0.92157	1	1	8
0.91525	1	1	8
0.87659	0.98039	0.98039	8
0.90167	0.98039	0.98039	8
0.94681	1	1	8
0.96863	1	0.99104	8
0.95431	1	0.96723	8
0.90588	0.99216	0.99216	8
0.91073	0.98824	0.98824	8
0.36792	0.49412	0.29971	5
0.375	0.50588	0.30758	5
0.3772	0.51765	0.31137	5
0.39136	0.51373	0.30374	5
0.36414	0.51765	0.31137	5
0.35118	0.50196	0.29517	5
0.44005	0.6497	0.84314	3
0.36975	0.55797	0.76471	3
0.42471	0.66253	0.83333	3
0.43383	0.64241	0.85098	3
0.50833	0.70806	0.87451	3
0.35542	0.5183	0.70196	3
0.38139	0.64678	0.90196	3
0.42811	0.71793	0.97255	3
0.43959	0.68409	0.88627	3
0.45386	0.74596	0.97255	3
0.38758	0.65147	0.8902	3
0.33273	0.64253	0.9098	3
0.94613	1	1	8
0.97255	1	1	8
0.91832	0.99216	0.99216	8
0.92466	0.99216	0.99216	8
0.69706	0.77647	0.77647	8
0.85756	0.99018	0.99608	8
0.84631	0.96078	0.96078	8
0.90429	0.99216	0.99216	8
0.8074	0.93542	0.94902	8
0.20339	0.24679	0.2902	7
0.073203	0.075817	0.094118	7
0.047059	0.05098	0.070588	7
0.044444	0.047619	0.066667	7
0.047059	0.05042	0.070588	7
0.045614	0.048246	0.066667	7
0.048529	0.052206	0.070588	7
0.16761	0.19346	0.20392	7
0.082956	0.08547	0.098039	7
0.062976	0.066205	0.082353	7
0.059608	0.059608	0.07451	7
0.092647	0.097059	0.10588	7
0.18196	0.20392	0.20392	7
0.086275	0.089412	0.10196	7
0.06192	0.063983	0.078431	7
0.11012	0.1352	0.16863	7
0.11092	0.13733	0.17255	7
0.096863	0.11773	0.14902	7
0.08366	0.098871	0.12549	7
0.075129	0.085882	0.1098	7
0.072222	0.080719	0.10196	7
0.081395	0.090865	0.1098	7
0.089577	0.10024	0.12157	7
0.09869	0.11021	0.12941	7
0.10094	0.1175	0.1451	7
0.088235	0.098039	0.11765	7
0.057516	0.063907	0.086275	7
0.064103	0.072587	0.098039	7
0.051225	0.055106	0.07451	7
0.068721	0.073016	0.090196	7
0.073529	0.079657	0.098039	7
0.07451	0.079739	0.098039	7
0.072464	0.079771	0.098039	7
0.070588	0.077311	0.094118	7
0.070153	0.073493	0.090196	7
0.067519	0.070199	0.086275	7
0.070588	0.076471	0.094118	7
0.06445	0.068926	0.082353	7
0.057952	0.061264	0.07451	7
0.064052	0.067712	0.082353	7
0.091855	0.098416	0.11373	7
0.2455	0.27831	0.3098	7
0.29325	0.34083	0.37255	7
0.2849	0.33523	0.37647	7
0.23019	0.26608	0.30196	7
0.20399	0.23337	0.26275	7
0.23917	0.28198	0.31765	7
0.23824	0.27864	0.31765	7
0.20741	0.23704	0.26667	7
0.26617	0.31304	0.35686	7
0.21768	0.24938	0.27843	7
0.21326	0.24811	0.2902	7
0.34706	0.41133	0.46275	7
0.25641	0.30007	0.33333	7
0.068627	0.075415	0.098039	7
0.086511	0.08974	0.10588	7
0.09098	0.094745	0.1098	7
0.07797	0.082768	0.10196	7
0.091574	0.097112	0.11373	7
0.09893	0.10398	0.11765	7
0.081569	0.086667	0.10196	7
0.082353	0.094118	0.11765	7
0.95268	1	1	8
0.98039	1	0.98823	8
0.98226	1	0.98049	8
0.97647	1	0.98431	8
0.93333	1	1	8
0.9451	1	1	8
0.97255	1	1	8
0.30476	0.56528	0.86667	3
0.24493	0.52097	0.84118	3
0.21412	0.52385	0.86667	3
0.30075	0.65038	0.97647	3
0.37753	0.67762	0.96863	3
0.37562	0.62338	0.8902	3
0.12972	0.47054	0.9451	3
0.1385	0.48876	0.92941	3
0.14691	0.49852	0.91373	3
0.35365	0.47521	0.6549	3
0.032941	0.032941	0.047059	7
0.036415	0.036415	0.05098	7
0.037077	0.037077	0.05098	7
0.035686	0.035686	0.05098	7
0.037077	0.037077	0.05098	7
0.037077	0.037077	0.05098	7
0.036415	0.036415	0.05098	7
0.060317	0.063156	0.07451	7
0.071123	0.07393	0.082353	7
0.063866	0.066907	0.07451	7
0.076667	0.081176	0.090196	7
0.080989	0.086672	0.098039	7
0.064113	0.066192	0.07451	7
0.060539	0.063333	0.07451	7
0.070494	0.072866	0.082353	7
0.16671	0.19872	0.2902	3
0.14092	0.18799	0.30196	3
0.1195	0.16119	0.28627	3
0.16751	0.22449	0.30588	3
